[[19559 32204 46777 46932 25556  5447  5416 47462]
 [ 7224 24449 50632  6646 21412 31489   253 12442]
 [12307 31268 63061 22070  4989 41867 53092 30577]
 [42651 44676 55340 49856 27868   442 59492 17243]
 [20341 36787 28126 10636 51599 13819 39359 19000]
 [27005 47835 51461 31231 30098 24420  8785 10995]
 [49791 28495 28975 19726 42401 35936 29208 51845]]
[[ 8775105895  4919591055  7327601201  9056635905  5906239302  7413218102
   8070860622]
 [ 4919591055  4862606755  6012004613  5373928840  4327451341  5730178764
   5346449665]
 [ 7327601201  6012004613 11124373897 10355279826  6915581321  7737664003
   8618351594]
 [ 9056635905  5373928840 10355279826 13976629014  8711052817  9255559900
   9812734968]
 [ 5906239302  4327451341  6915581321  8711052817  7434788465  6533740349
   7904902337]
 [ 7413218102  5730178764  7737664003  9255559900  6533740349  8341359386
   7795179934]
 [ 8070860622  5346449665  8618351594  9812734968  7904902337  7795179934
  11150026593]]